000001
000002
000003
000004
000005
000006
000010
000011
000012
000013
000014
000016
000017
000018
000019
000020
000022
000023
000024
000025
000026
000028
000029
000030
000031
000032
000034
000035
000036
000037
000038
000039
000040
000041
000042
000043
000045
000046
000048
000049
000052
000053
000054
000055
000056
000057
000058
000060
000061
000064
000066
000067
000069
000070
000071
000072
000074
000075
000076
000077
000078
000079
000080
000081
000082
000083
000084
000085
000086
000087
000088
000090
000091
000092
000093
000094
000095
000096
000097
000098
000099
000100
000101
000102
000103
000104
000105
000106
000108
000109
000110
000111
000112
000113
000114
000115
000117
000118
000119
000121
000123
000125
000126
000129
000130
000131
000132
000133
000134
000136
000137
000138
000139
000141
000142
000143
000144
000145
000146
000148
000149
000150
000152
000153
000154
000155
000157
000158
000160
000161
000162
000163
000164
000166
000167
000168
000169
000171
000172
000173
000174
000175
000176
000177
000178
000179
000180
000181
000182
000183
000184
000185
000186
000189
000194
000195
000196
000197
000198
000199
000200
000201
000203
000205
000206
000207
000208
000209
000210
000211
000212
000215
000216
000217
000218
000219
000220
000221
000223
000224
000225
000227
000228
000229
000230
000231
000232
000233
000234
000235
000236
000237
000238
000239
000240
000241
000243
000244
000245
000246
000247
000250
000251
000252
000254
000255
000256
000258
000260
000261
000262
000264
000266
000267
000268
000270
000271
000272
000273
000274
000276
000277
000278
000279
000280
000281
000282
000284
000285
000286
000287
000288
000289
000290
000291
000293
000294
000295
000297
000300
000301
000302
000303
000305
000306
000308
000309
000310
000311
000312
000314
000316
000317
000318
000319
000320
000321
000322
000323
000324
000326
000328
000329
000330
000333
000334
000335
000336
000339
000340
000341
000344
000346
000347
000349
000350
000351
000352
000354
000355
000356
000357
000358
000359
000360
000362
000363
000364
000365
000366
000367
000368
000369
000370
000371
000372
000373
000375
000378
000379
000381
000382
000383
000386
000388
000389
000391
000392
000393
000394
000395
000397
000398
000399
000400
000401
000402
000404
000405
000406
000407
000408
000409
000410
000412
000413
000415
000416
000417
000418
000419
000420
000422
000423
000424
000425
000426
000427
000428
000430
000431
000432
000434
000435
000436
000437
000438
000439
000440
000441
000442
000443
000444
000445
000446
000447
000448
000449
000451
000452
000453
000454
000455
000456
000457
000458
000460
000462
000464
000465
000466
000467
000469
000470
000471
000472
000474
000476
000477
000478
000479
000480
000481
000482
000483
000484
000485
000486
000487
000488
000489
000490
000493
000494
000495
000496
000497
000498
000499
000500
000502
000503
000505
000506
000507
000508
000510
000512
000513
000514
000516
000517
000519
000523
000524
000525
000526
000527
000528
000530
000532
000533
000534
000535
000536
000537
000539
000540
000542
000543
000544
000546
000547
000548
000549
000550
000552
000553
000554
000556
000557
000558
000559
000560
000562
000563
000564
000565
000566
000568
000569
000570
000572
000573
000574
000575
000576
000577
000580
000582
000583
000584
000587
000588
000589
000590
000592
000593
000594
000595
000596
000597
000598
000599
000600
000601
000603
000605
000606
000607
000608
000609
000611
000612
000613
000614
000615
000617
000618
000621
000622
000623
000624
000625
000626
000627
000628
000629
000631
000632
000633
000634
000635
000637
000638
000639
000642
000644
000646
000647
000648
000651
000653
000655
000658
000659
000660
000661
000662
000664
000667
000668
000669
000670
000671
000672
000673
000674
000675
000676
000678
000679
000680
000681
000682
000683
000684
000685
000686
000687
000688
000689
000690
000691
000692
000693
000694
000695
000696
000697
000698
000699
000700
000701
000702
000703
000704
000705
000707
000708
000709
000710
000711
000712
000715
000716
000717
000718
000719
000720
000721
000722
000723
000725
000726
000727
000729
000730
000731
000732
000733
000734
000735
000737
000738
000739
000740
000741
000742
000743
000744
000745
000746
000748
000749
000750
000751
000753
000754
000755
000757
000758
000759
000761
000762
000765
000766
000767
000768
000769
000770
000771
000772
000773
000774
000776
000777
000779
000780
000782
000783
000787
000788
000789
000790
000791
000792
000793
000795
000796
000798
000799
000801
000802
000803
000804
000805
000806
000807
000808
000809
000811
000812
000813
000814
000815
000816
000817
000818
000819
000820
000821
000823
000824
000825
000826
000827
000829
000830
000832
000833
000834
000835
000836
000839
000841
000842
000843
000845
000846
000847
000849
000850
000851
000852
000853
000854
000855
000858
000860
000862
000863
000864
000865
000866
000867
000868
000869
000871
000872
000873
000874
000875
000877
000878
000879
000881
000883
000884
000886
000887
000888
000889
000891
000893
000894
000895
000896
000897
000898
000899
000901
000903
000905
000906
000907
000908
000909
000910
000912
000913
000914
000915
000916
000920
000921
000922
000923
000924
000926
000927
000929
000930
000931
000932
000933
000934
000935
000936
000937
000938
000939
000940
000941
000942
000943
000944
000945
000946
000948
000949
000951
000953
000954
000955
000956
000957
000958
000959
000960
000961
000962
000963
000966
000967
000969
000970
000972
000973
000974
000975
000977
000978
000979
000981
000982
000983
000984
000986
000988
000989
000990
000991
000992
000994
000995
000998
000999
001000
001001
001003
001004
001005
001006
001007
001008
001009
001010
001011
001012
001013
001014
001015
001016
001018
001019
001021
001022
001023
001024
001025
001027
001028
001031
001033
001034
001035
001036
001037
001038
001039
001040
001041
001042
001043
001044
001045
001046
001048
001049
001050
001052
001053
001054
001055
001056
001057
001058
001060
001061
001063
001064
001065
001066
001067
001068
001071
001072
001073
001075
001077
001078
001079
001080
001081
001082
001083
001084
001086
001087
001088
001090
001092
001093
001095
001096
001097
001098
001099
001100
001101
001102
001103
001104
001105
001106
001107
001108
001109
001110
001111
001112
001113
001114
001115
001117
001118
001120
001121
001123
001125
001126
001127
001128
001130
001131
001132
001133
001135
001136
001137
001138
001139
001140
001141
001142
001144
001145
001147
001148
001149
001150
001151
001152
001153
001154
001155
001156
001157
001158
001159
001160
001161
001162
001163
001164
001165
001167
001168
001169
001171
001172
001173
001174
001175
001176
001178
001179
001180
001182
001183
001184
001186
001187
001190
001191
001193
001194
001196
001197
001199
001200
001202
001203
001204
001205
001208
001209
001211
001212
001213
001214
001215
001216
001217
001218
001220
001221
001222
001223
001224
001225
001226
001227
001228
001230
001231
001232
001233
001234
001236
001237
001238
001240
001241
001242
001243
001244
001245
001246
001247
001249
001251
001252
001255
001256
001257
001258
001259
001260
001261
001262
001263
001264
001265
001266
001267
001269
001270
001272
001273
001274
001276
001277
001278
001279
001280
001281
001282
001283
001284
001287
001288
001289
001292
001294
001295
001298
001299
001300
001301
001304
001305
001306
001307
001308
001309
001310
001311
001312
001313
001314
001315
001316
001317
001318
001319
001320
001321
001323
001325
001326
001328
001329
001330
001331
001332
001333
001335
001336
001337
001338
001339
001340
001342
001343
001344
001345
001347
001348
001349
001352
001353
001354
001357
001359
001360
001361
001362
001363
001365
001367
001368
001369
001370
001371
001373
001375
001376
001377
001378
001379
001380
001381
001383
001384
001385
001387
001389
001390
001391
001392
001394
001395
001396
001397
001398
001400
001401
001402
001403
001404
001405
001406
001408
001409
001410
001411
001412
001413
001414
001415
001416
001417
001419
001420
001421
001422
001424
001426
001427
001428
001429
001430
001431
001434
001435
001436
001438
001439
001440
001441
001442
001443
001445
001446
001447
001448
001449
001451
001452
001453
001454
001456
001457
001458
001459
001460
001461
001464
001465
001467
001468
001473
001475
001476
001478
001479
001480
001481
001482
001483
001484
001485
001486
001487
001488
001489
001491
001492
001493
001494
001495
001496
001497
001498
001499
001500
001501
001502
001503
001504
001506
001507
001508
001509
001511
001512
001513
001514
001515
001516
001517
001519
001520
001521
001522
001524
001525
001526
001527
001529
001530
001531
001533
001534
001535
001536
001537
001538
001539
001540
001541
001543
001545
001546
001547
001548
001549
001551
001552
001554
001555
001556
001557
001558
001560
001561
001562
001563
001564
001565
001566
001568
001569
001570
001572
001573
001575
001576
001577
001578
001579
001580
001581
001582
001583
001584
001585
001586
001587
001588
001589
001590
001591
001592
001593
001596
001597
001599
001600
001601
001602
001603
001604
001605
001606
001608
001611
001612
001613
001615
001616
001617
001618
001619
001620
001623
001624
001625
001626
001627
001628
001630
001631
001632
001634
001635
001637
001638
001639
001640
001642
001644
001645
001646
001648
001649
001650
001651
001652
001653
001655
001656
001657
001658
001659
001660
001661
001662
001664
001665
001668
001669
001670
001671
001672
001673
001674
001675
001676
001677
001678
001679
001681
001682
001683
001685
001686
001688
001689
001690
001691
001692
001693
001694
001696
001698
001699
001700
001702
001703
001704
001705
001706
001707
001709
001710
001712
001713
001715
001716
001717
001718
001719
001720
001721
001722
001723
001725
001726
001727
001728
001729
001730
001731
001732
001733
001734
001735
001737
001739
001740
001741
001742
001743
001744
001746
001747
001748
001749
001751
001752
001753
001755
001756
001758
001759
001762
001763
001764
001765
001766
001767
001769
001770
001771
001772
001773
001774
001775
001776
001777
001778
001780
001781
001782
001783
001784
001785
001786
001787
001790
001791
001792
001793
001794
001795
001796
001797
001798
001799
001801
001802
001803
001804
001805
001806
001807
001808
001809
001810
001811
001813
001814
001815
001817
001818
001819
001820
001821
001823
001824
001825
001826
001827
001828
001830
001833
001834
001835
001836
001837
001840
001842
001844
001846
001847
001849
001852
001853
001854
001856
001858
001859
001860
001861
001862
001863
001864
001865
001867
001868
001869
001870
001871
001873
001877
001878
001879
001880
001881
001882
001884
001886
001888
001889
001890
001891
001893
001894
001895
001896
001899
001900
001901
001903
001904
001905
001907
001908
001909
001910
001911
001912
001914
001915
001916
001918
001919
001920
001921
001925
001926
001927
001928
001930
001931
001932
001933
001934
001935
001938
001939
001940
001941
001942
001943
001944
001945
001946
001947
001948
001950
001951
001952
001953
001954
001955
001957
001958
001959
001961
001962
001963
001964
001965
001966
001968
001971
001973
001974
001975
001976
001977
001978
001979
001980
001982
001983
001984
001985
001986
001987
001989
001990
001991
001992
001993
001994
001995
001996
001997
001998
001999
002000
002001
002002
002003
002005
002006
002007
002008
002009
002010
002011
002012
002013
002014
002015
002016
002017
002018
002021
002022
002023
002024
002025
002026
002027
002030
002031
002032
002033
002035
002036
002038
002040
002041
002042
002043
002044
002047
002048
002049
002051
002052
002053
002054
002055
002056
002057
002059
002060
002062
002064
002065
002066
002068
002069
002070
002072
002075
002076
002078
002079
002080
002081
002082
002083
002084
002085
002086
002087
002088
002089
002092
002093
002094
002095
002096
002097
002098
002099
002103
002104
002105
002106
002107
002108
002109
002110
002112
002114
002118
002119
002121
002122
002123
002124
002125
002126
002127
002128
002129
002130
002131
002132
002133
002134
002135
002136
002137
002138
002140
002141
002142
002144
002146
002147
002148
002149
002150
002151
002152
002153
002154
002155
002156
002158
002159
002161
002162
002163
002164
002165
002166
002168
002169
002171
002172
002173
002175
002176
002177
002178
002179
002180
002181
002182
002184
002185
002186
002188
002189
002190
002191
002192
002193
002195
002196
002197
002198
002199
002202
002203
002204
002205
002206
002208
002209
002210
002211
002212
002213
002214
002215
002216
002217
002218
002219
002220
002221
002222
002223
002224
002225
002226
002228
002229
002230
002231
002234
002235
002236
002238
002240
002241
002242
002243
002244
002245
002246
002247
002248
002249
002250
002251
002252
002253
002254
002255
002256
002257
002258
002259
002260
002261
002262
002263
002265
002266
002267
002270
002271
002272
002273
002274
002275
002276
002277
002278
002279
002281
002282
002283
002284
002285
002287
002288
002289
002290
002291
002292
002294
002295
002296
002297
002299
002300
002303
002304
002305
002306
002307
002308
002310
002311
002312
002313
002314
002315
002317
002318
002319
002320
002322
002324
002325
002326
002327
002328
002330
002331
002332
002333
002334
002335
002336
002337
002339
002340
002341
002343
002345
002347
002348
002349
002350
002351
002352
002353
002355
002356
002357
002358
002359
002360
002361
002362
002363
002364
002365
002367
002368
002369
002370
002372
002373
002376
002377
002378
002379
002380
002383
002384
002385
002386
002387
002388
002389
002390
002391
002392
002393
002394
002395
002396
002397
002398
002399
002400
002403
002407
002408
002410
002411
002413
002414
002415
002416
002417
002418
002420
002421
002422
002423
002425
002426
002427
002430
002431
002432
002433
002434
002435
002436
002437
002438
002439
002441
002442
002443
002444
002445
002447
002448
002449
002450
002452
002454
002455
002456
002457
002458
002459
002460
002461
002462
002463
002464
002466
002467
002468
002470
002471
002472
002474
002475
002476
002477
002479
002480
002481
002484
002485
002486
002487
002488
002489
002490
002493
002495
002496
002499
002501
002502
002503
002504
002505
002506
002507
002508
002509
002510
002512
002513
002514
002515
002516
002517
002518
002519
002520
002521
002522
002523
002524
002525
002528
002530
002531
002532
002533
002535
002537
002538
002539
002540
002541
002542
002543
002544
002545
002546
002547
002549
002551
002553
002554
002555
002556
002557
002558
002559
002560
002561
002562
002563
002564
002566
002567
002568
002569
002570
002571
002573
002574
002575
002576
002578
002580
002583
002585
002586
002587
002589
002590
002592
002593
002594
002595
002596
002597
002598
002600
002601
002602
002603
002604
002605
002606
002607
002608
002610
002611
002612
002613
002615
002616
002617
002619
002620
002621
002622
002623
002624
002626
002627
002628
002629
002631
002632
002633
002634
002635
002636
002637
002638
002639
002640
002641
002642
002643
002644
002645
002646
002647
002648
002650
002651
002652
002653
002654
002655
002657
002658
002660
002661
002662
002663
002664
002665
002667
002669
002671
002672
002673
002674
002675
002676
002677
002680
002681
002682
002683
002684
002685
002686
002688
002693
002694
002695
002696
002697
002699
002700
002702
002703
002706
002708
002709
002710
002711
002712
002713
002714
002715
002716
002718
002719
002720
002721
002722
002723
002724
002725
002726
002727
002728
002729
002731
002732
002733
002734
002735
002736
002737
002738
002739
002740
002741
002744
002745
002747
002748
002749
002750
002751
002752
002754
002756
002757
002758
002759
002760
002761
002762
002763
002764
002765
002767
002770
002771
002772
002773
002775
002776
002777
002778
002779
002780
002781
002783
002784
002785
002786
002790
002791
002793
002794
002795
002796
002797
002798
002801
002802
002803
002804
002805
002806
002807
002808
002810
002811
002812
002813
002814
002815
002816
002818
002819
002820
002824
002825
002826
002828
002829
002830
002833
002834
002837
002840
002841
002842
002843
002844
002845
002847
002848
002850
002852
002853
002854
002855
002857
002858
002859
002860
002862
002864
002865
002867
002868
002872
002873
002875
002876
002878
002879
002880
002881
002882
002884
002885
002886
002887
002888
002890
002892
002893
002894
002895
002897
002899
002900
002901
002902
002903
002905
002906
002907
002908
002909
002910
002912
002913
002914
002916
002917
002918
002919
002921
002922
002923
002924
002925
002926
002927
002929
002930
002931
002932
002933
002934
002935
002936
002937
002938
002939
002940
002941
002943
002944
002945
002946
002947
002948
002949
002950
002951
002952
002953
002955
002956
002959
002961
002962
002963
002964
002965
002966
002967
002969
002970
002971
002972
002973
002976
002977
002979
002980
002981
002983
002984
002985
002989
002990
002991
002992
002993
002994
002995
002996
002997
002998
002999
003000
003001
003002
003004
003005
003006
003007
003008
003009
003010
003011
003012
003013
003014
003015
003016
003017
003018
003019
003020
003022
003024
003026
003028
003029
003030
003031
003032
003033
003034
003035
003036
003037
003038
003039
003040
003044
003045
003046
003047
003048
003049
003050
003051
003052
003053
003054
003055
003056
003057
003058
003059
003060
003062
003063
003064
003066
003067
003068
003071
003072
003073
003074
003075
003076
003078
003079
003080
003081
003083
003087
003088
003090
003091
003092
003093
003094
003095
003096
003097
003098
003099
003101
003102
003103
003104
003105
003107
003108
003109
003110
003111
003112
003113
003114
003115
003116
003117
003118
003119
003120
003121
003123
003124
003125
003126
003127
003128
003129
003130
003131
003132
003135
003137
003139
003141
003143
003145
003146
003147
003148
003149
003150
003151
003152
003153
003154
003155
003156
003157
003158
003159
003160
003161
003162
003163
003164
003165
003166
003167
003168
003169
003171
003172
003173
003174
003175
003176
003177
003178
003179
003180
003182
003183
003184
003185
003186
003187
003188
003189
003190
003191
003192
003193
003194
003195
003197
003198
003200
003204
003205
003206
003207
003208
003210
003211
003213
003214
003215
003216
003217
003218
003219
003220
003221
003223
003224
003225
003226
003227
003228
003232
003234
003235
003236
003238
003241
003242
003243
003244
003245
003246
003247
003248
003249
003250
003252
003253
003255
003258
003259
003260
003261
003262
003263
003264
003265
003267
003269
003270
003272
003274
003275
003276
003277
003278
003279
003280
003281
003282
003283
003285
003286
003288
003289
003293
003295
003296
003297
003298
003300
003301
003302
003303
003304
003305
003306
003309
003310
003311
003312
003313
003315
003316
003317
003318
003319
003321
003322
003323
003324
003325
003326
003328
003331
003332
003334
003335
003337
003340
003341
003342
003343
003344
003345
003346
003347
003348
003349
003350
003351
003352
003353
003354
003355
003356
003357
003358
003359
003360
003363
003364
003365
003366
003368
003369
003370
003371
003372
003374
003375
003376
003377
003378
003379
003380
003382
003384
003385
003386
003387
003388
003389
003390
003392
003393
003394
003396
003397
003398
003399
003400
003402
003403
003404
003405
003407
003408
003409
003410
003411
003412
003413
003416
003417
003418
003419
003420
003421
003423
003425
003426
003429
003430
003431
003432
003433
003434
003435
003437
003438
003439
003441
003443
003444
003445
003448
003449
003450
003451
003453
003454
003455
003456
003457
003458
003460
003461
003462
003463
003464
003465
003466
003467
003470
003471
003472
003473
003474
003475
003476
003478
003479
003480
003481
003482
003483
003484
003485
003486
003487
003488
003490
003491
003492
003493
003494
003495
003496
003497
003498
003499
003500
003501
003502
003503
003504
003505
003506
003507
003508
003509
003510
003511
003512
003513
003514
003515
003516
003517
003518
003519
003520
003521
003522
003524
003525
003526
003527
003528
003529
003530
003531
003532
003533
003534
003535
003536
003537
003539
003540
003541
003542
003543
003544
003545
003546
003547
003548
003549
003550
003551
003552
003553
003555
003556
003557
003558
003559
003562
003564
003565
003567
003568
003569
003570
003571
003572
003573
003574
003576
003578
003579
003580
003581
003582
003583
003584
003585
003586
003587
003588
003592
003593
003594
003596
003597
003598
003599
003601
003602
003605
003606
003608
003611
003613
003614
003616
003617
003618
003619
003620
003621
003622
003623
003624
003625
003626
003627
003628
003629
003630
003632
003633
003634
003635
003636
003638
003639
003641
003642
003643
003644
003645
003646
003647
003648
003649
003650
003652
003653
003654
003657
003658
003659
003660
003661
003663
003666
003667
003668
003669
003670
003672
003673
003674
003675
003676
003679
003680
003681
003682
003685
003686
003687
003688
003689
003690
003692
003693
003694
003695
003696
003697
003698
003699
003701
003702
003703
003704
003705
003706
003707
003708
003709
003712
003713
003714
003715
003716
003717
003719
003720
003722
003725
003726
003728
003729
003730
003731
003733
003734
003735
003736
003737
003738
003739
003740
003741
003743
003744
003746
003749
003750
003751
003752
003753
003754
003755
003756
003757
003758
003759
003761
003762
003763
003764
003765
003767
003768
003769
003771
003772
003773
003774
003776
003777
003779
003780
003781
003783
003785
003786
003787
003788
003789
003790
003792
003793
003794
003795
003796
003797
003798
003799
003800
003801
003803
003805
003808
003809
003811
003812
003813
003816
003817
003818
003819
003820
003821
003822
003823
003825
003826
003827
003828
003829
003830
003831
003832
003833
003834
003835
003836
003838
003839
003840
003841
003842
003843
003845
003847
003848
003851
003852
003853
003854
003855
003858
003859
003860
003861
003862
003863
003864
003865
003867
003870
003872
003875
003876
003877
003879
003880
003881
003882
003883
003884
003885
003886
003887
003888
003889
003890
003892
003894
003897
003898
003899
003902
003903
003904
003905
003906
003907
003909
003910
003911
003912
003913
003915
003916
003917
003918
003919
003920
003921
003922
003923
003926
003927
003928
003929
003930
003931
003932
003934
003935
003936
003937
003938
003940
003942
003944
003946
003947
003948
003951
003952
003953
003954
003956
003957
003958
003959
003960
003961
003962
003963
003964
003965
003966
003968
003969
003970
003971
003972
003974
003975
003977
003979
003980
003981
003983
003984
003986
003988
003989
003990
003991
003992
003993
003995
003996
003997
004000
004001
004002
004003
004004
004005
004006
004007
004009
004010
004011
004012
004013
004014
004016
004018
004019
004020
004021
004022
004023
004024
004025
004026
004027
004028
004030
004031
004032
004033
004034
004035
004036
004037
004040
004042
004043
004045
004046
004047
004048
004049
004050
004051
004052
004053
004055
004057
004058
004060
004061
004062
004066
004067
004068
004069
004070
004071
004073
004074
004075
004077
004078
004080
004081
004082
004085
004086
004088
004090
004092
004093
004094
004095
004096
004097
004098
004100
004101
004102
004103
004104
004106
004107
004108
004109
004110
004111
004112
004113
004114
004115
004117
004118
004119
004120
004122
004123
004124
004125
004126
004127
004130
004131
004132
004134
004135
004136
004137
004138
004140
004141
004142
004143
004144
004145
004146
004147
004148
004149
004152
004153
004154
004155
004157
004158
004159
004160
004161
004162
004163
004165
004166
004167
004168
004170
004171
004172
004173
004175
004176
004177
004178
004179
004180
004182
004184
004185
004186
004187
004188
004189
004190
004193
004194
004196
004197
004198
004199
004201
004202
004203
004204
004205
004206
004207
004208
004209
004210
004211
004212
004214
004215
004216
004218
004220
004222
004223
004225
004226
004227
004229
004230
004231
004233
004234
004235
004237
004238
004240
004241
004242
004243
004244
004246
004247
004248
004249
004250
004251
004252
004253
004256
004257
004258
004260
004261
004262
004263
004264
004265
004266
004267
004268
004269
004270
004271
004272
004273
004274
004275
004276
004277
004279
004280
004282
004283
004285
004286
004287
004289
004292
004293
004294
004295
004296
004297
004299
004300
004301
004304
004305
004306
004307
004308
004309
004310
004311
004312
004313
004314
004315
004316
004317
004318
004319
004320
004321
004322
004323
004324
004325
004326
004327
004328
004329
004331
004332
004333
004334
004335
004336
004337
004338
004341
004342
004344
004345
004346
004347
004349
004350
004351
004352
004354
004355
004356
004357
004358
004360
004361
004362
004363
004364
004365
004367
004368
004371
004372
004375
004377
004379
004380
004382
004383
004384
004385
004386
004387
004388
004390
004392
004393
004394
004395
004397
004399
004400
004403
004404
004406
004407
004408
004409
004410
004411
004412
004413
004414
004416
004417
004419
004420
004422
004425
004427
004428
004429
004430
004431
004432
004433
004434
004435
004436
004437
004438
004439
004440
004442
004443
004444
004445
004446
004448
004450
004452
004454
004455
004456
004457
004458
004459
004460
004461
004462
004463
004464
004465
004466
004467
004468
004469
004470
004471
004472
004474
004475
004478
004479
004481
004482
004484
004485
004486
004487
004488
004489
004491
004492
004493
004494
004495
004496
004497
004498
004499
004500
004501
004502
004503
004504
004505
004506
004507
004508
004509
004510
004511
004512
004514
004515
004516
004518
004519
004521
004522
004523
004524
004525
004526
004527
004528
004530
004531
004532
004534
004535
004536
004537
004540
004541
004543
004544
004545
004547
004548
004550
004551
004552
004553
004554
004555
004556
004557
004558
004559
004561
004563
004564
004567
004569
004571
004572
004574
004575
004576
004578
004581
004582
004584
004585
004587
004589
004590
004591
004592
004593
004594
004596
004597
004598
004599
004600
004601
004602
004603
004604
004605
004606
004607
004609
004610
004611
004614
004615
004616
004618
004619
004621
004622
004624
004627
004628
004629
004630
004632
004635
004636
004637
004638
004639
004640
004641
004642
004643
004644
004646
004647
004648
004649
004651
004653
004654
004655
004656
004657
004658
004659
004660
004662
004664
004667
004668
004670
004671
004672
004673
004675
004676
004677
004678
004679
004680
004681
004683
004684
004685
004686
004687
004688
004690
004692
004693
004694
004695
004696
004697
004698
004699
004704
004705
004706
004707
004710
004711
004712
004713
004714
004715
004716
004717
004718
004719
004720
004721
004723
004724
004725
004726
004730
004732
004733
004734
004735
004736
004737
004738
004739
004741
004742
004743
004744
004745
004746
004748
004749
004750
004751
004752
004753
004754
004755
004756
004759
004760
004761
004762
004763
004764
004765
004766
004767
004769
004770
004771
004772
004773
004774
004776
004777
004778
004779
004780
004781
004783
004784
004785
004786
004787
004788
004789
004791
004792
004793
004795
004796
004797
004798
004799
004800
004801
004802
004803
004804
004805
004806
004808
004809
004810
004811
004812
004813
004815
004816
004818
004819
004820
004821
004823
004824
004825
004826
004827
004828
004829
004830
004831
004832
004833
004834
004835
004836
004838
004840
004841
004842
004843
004844
004845
004846
004847
004848
004850
004851
004852
004853
004854
004856
004857
004858
004859
004860
004862
004866
004867
004868
004870
004871
004872
004873
004874
004876
004877
004878
004879
004880
004881
004882
004883
004884
004886
004887
004888
004889
004890
004891
004892
004893
004894
004895
004896
004897
004898
004899
004900
004901
004902
004903
004905
004906
004907
004909
004910
004912
004913
004914
004915
004916
004917
004918
004919
004920
004921
004922
004924
004925
004926
004927
004928
004929
004931
004932
004934
004935
004937
004939
004941
004943
004944
004947
004948
004949
004950
004951
004952
004953
004954
004955
004956
004957
004958
004959
004960
004962
004964
004965
004966
004967
004968
004969
004970
004971
004972
004973
004975
004976
004977
004978
004979
004980
004981
004982
004983
004984
004985
004986
004987
004988
004989
004990
004991
004992
004993
004995
004996
004997
004998
005000
005001
005003
005004
005006
005008
005009
005010
005011
005012
005013
005015
005016
005018
005019
005020
005021
005023
005024
005025
005026
005027
005029
005030
005031
005032
005033
005035
005036
005037
005039
005040
005041
005043
005045
005046
005047
005049
005050
005052
005053
005054
005055
005057
005058
005060
005061
005062
005063
005064
005066
005068
005069
005070
005071
005072
005073
005074
005076
005079
005080
005081
005082
005083
005086
005087
005088
005089
005090
005091
005092
005093
005094
005095
005096
005097
005098
005099
005100
005101
005103
005105
005108
005109
005110
005111
005113
005114
005115
005116
005117
005118
005119
005120
005121
005123
005124
005126
005127
005128
005129
005130
005132
005133
005134
005135
005136
005138
005140
005143
005144
005145
005146
005147
005148
005149
005151
005153
005154
005155
005156
005157
005159
005160
005161
005162
005163
005164
005165
005166
005167
005168
005169
005170
005171
005173
005174
005175
005177
005178
005179
005181
005182
005183
005185
005186
005188
005189
005190
005191
005192
005193
005194
005195
005197
005198
005201
005202
005203
005204
005206
005208
005209
005210
005211
005213
005215
005216
005218
005219
005220
005221
005222
005223
005224
005225
005226
005227
005228
005229
005230
005231
005232
005233
005234
005235
005236
005237
005239
005240
005242
005243
005244
005245
005247
005248
005249
005250
005251
005252
005253
005256
005257
005258
005259
005260
005261
005263
005264
005266
005267
005268
005269
005270
005271
005272
005273
005274
005275
005276
005277
005278
005279
005280
005281
005282
005284
005285
005286
005287
005288
005290
005291
005292
005293
005295
005296
005297
005298
005299
005300
005301
005303
005304
005305
005306
005307
005308
005310
005311
005312
005313
005314
005316
005317
005318
005321
005322
005323
005324
005325
005326
005327
005328
005329
005331
005332
005334
005335
005337
005338
005339
005341
005342
005343
005345
005346
005347
005348
005349
005350
005351
005352
005353
005355
005356
005358
005360
005361
005362
005363
005365
005366
005368
005369
005370
005371
005372
005373
005374
005375
005376
005377
005378
005379
005381
005382
005383
005384
005385
005386
005387
005388
005389
005391
005392
005394
005395
005397
005398
005399
005401
005402
005404
005405
005407
005408
005409
005410
005411
005412
005413
005414
005415
005417
005418
005420
005421
005422
005423
005424
005425
005426
005427
005428
005429
005432
005433
005434
005435
005436
005437
005438
005440
005443
005444
005445
005446
005447
005449
005450
005451
005452
005454
005455
005456
005457
005459
005460
005461
005463
005464
005465
005466
005467
005468
005469
005471
005472
005473
005475
005476
005477
005478
005479
005480
005481
005482
005483
005484
005485
005486
005487
005488
005489
005490
005491
005493
005494
005496
005497
005498
005499
005500
005501
005502
005503
005504
005505
005506
005507
005508
005509
005510
005511
005513
005514
005516
005518
005519
005521
005522
005523
005524
005525
005526
005527
005529
005530
005531
005532
005533
005534
005535
005536
005537
005538
005539
005540
005541
005542
005543
005544
005545
005547
005552
005553
005554
005555
005556
005557
005558
005559
005561
005562
005563
005564
005565
005566
005569
005571
005572
005574
005575
005576
005577
005578
005579
005581
005582
005583
005584
005585
005586
005587
005588
005590
005591
005592
005593
005594
005595
005596
005597
005598
005599
005600
005601
005602
005603
005604
005606
005607
005608
005609
005610
005611
005612
005613
005614
005616
005618
005620
005621
005622
005623
005625
005626
005627
005628
005629
005630
005631
005632
005633
005634
005635
005636
005637
005638
005639
005640
005641
005642
005643
005644
005645
005646
005647
005649
005650
005651
005652
005653
005654
005655
005656
005657
005658
005659
005660
005661
005662
005663
005664
005665
005666
005668
005669
005670
005671
005673
005674
005675
005677
005678
005679
005681
005682
005683
005686
005687
005688
005689
005690
005691
005692
005693
005694
005697
005698
005699
005700
005701
005702
005703
005704
005705
005706
005707
005708
005709
005710
005711
005712
005713
005714
005715
005716
005717
005719
005720
005721
005722
005724
005725
005727
005729
005730
005731
005732
005734
005735
005736
005738
005741
005743
005744
005745
005746
005747
005749
005750
005752
005753
005755
005758
005759
005760
005762
005763
005764
005766
005767
005768
005769
005772
005773
005774
005775
005777
005780
005781
005782
005783
005784
005785
005787
005788
005790
005791
005792
005793
005794
005795
005796
005797
005799
005801
005802
005803
005804
005805
005806
005807
005808
005809
005810
005811
005812
005813
005814
005815
005816
005817
005818
005819
005821
005822
005823
005824
005825
005826
005827
005828
005830
005831
005832
005834
005836
005837
005840
005842
005843
005844
005845
005846
005847
005848
005849
005850
005851
005853
005855
005856
005857
005859
005860
005861
005862
005863
005864
005865
005866
005867
005869
005871
005872
005873
005874
005876
005877
005879
005880
005882
005883
005884
005885
005886
005888
005889
005891
005892
005895
005896
005897
005899
005900
005901
005903
005904
005905
005906
005908
005909
005910
005912
005914
005915
005916
005918
005919
005921
005922
005923
005924
005925
005927
005928
005929
005930
005932
005934
005935
005936
005937
005940
005942
005943
005945
005946
005947
005948
005949
005950
005951
005952
005953
005954
005955
005957
005959
005960
005961
005966
005967
005968
005970
005971
005973
005974
005977
005978
005980
005981
005982
005983
005984
005985
005987
005988
005989
005990
005991
005992
005993
005994
005995
005996
005998
005999
006000
006002
006003
006004
006005
006006
006007
006008
006009
006010
006011
006012
006013
006014
006015
006016
006019
006020
006021
006022
006024
006025
006027
006028
006029
006030
006031
006034
006035
006039
006040
006043
006044
006045
006046
006048
006049
006050
006052
006053
006054
006055
006056
006057
006058
006059
006060
006062
006063
006064
006065
006066
006067
006068
006069
006071
006072
006073
006074
006075
006077
006079
006080
006081
006082
006083
006084
006085
006086
006090
006091
006093
006094
006095
006096
006097
006098
006100
006101
006103
006104
006105
006106
006107
006108
006109
006110
006111
006112
006113
006114
006117
006118
006119
006120
006121
006123
006125
006127
006129
006130
006131
006132
006135
006136
006138
006139
006140
006141
006142
006143
006144
006145
006146
006147
006148
006149
006150
006151
006152
006153
006154
006157
006158
006160
006161
006162
006166
006168
006169
006170
006172
006173
006174
006175
006176
006177
006178
006179
006180
006181
006182
006183
006185
006186
006187
006188
006189
006190
006193
006194
006195
006197
006198
006199
006200
006201
006202
006204
006205
006206
006207
006209
006210
006212
006213
006214
006215
006216
006217
006219
006220
006221
006222
006223
006225
006226
006227
006228
006229
006230
006231
006237
006238
006241
006242
006243
006245
006246
006247
006248
006249
006250
006251
006252
006254
006255
006256
006257
006258
006259
006260
006261
006262
006263
006264
006266
006267
006268
006269
006270
006271
006272
006273
006274
006275
006277
006281
006283
006284
006286
006288
006290
006291
006292
006293
006295
006296
006297
006299
006300
006301
006303
006304
006306
006307
006308
006309
006310
006311
006312
006313
006314
006315
006317
006318
006319
006320
006321
006322
006323
006324
006325
006326
006329
006332
006333
006334
006335
006337
006338
006340
006341
006342
006343
006344
006345
006346
006347
006349
006350
006351
006352
006353
006354
006355
006356
006357
006358
006359
006360
006361
006362
006364
006369
006370
006372
006373
006374
006375
006376
006377
006378
006380
006381
006385
006387
006388
006389
006390
006391
006392
006393
006394
006395
006396
006397
006399
006400
006401
006403
006405
006406
006407
006408
006409
006410
006411
006412
006414
006416
006418
006419
006420
006422
006423
006424
006425
006426
006429
006430
006431
006432
006434
006435
006436
006437
006438
006440
006442
006443
006444
006445
006446
006447
006449
006450
006451
006453
006454
006455
006456
006457
006459
006460
006463
006464
006465
006466
006467
006468
006470
006472
006475
006477
006478
006479
006481
006482
006483
006484
006486
006487
006488
006489
006491
006492
006493
006494
006495
006497
006499
006501
006502
006506
006507
006508
006509
006510
006511
006512
006513
006514
006515
006517
006518
006519
006520
006521
006522
006523
006524
006527
006528
006529
006530
006531
006532
006533
006534
006535
006536
006537
006538
006539
006540
006541
006542
006544
006545
006546
006547
006550
006551
006552
006553
006554
006555
006558
006559
006560
006562
006563
006565
006566
006567
006568
006569
006570
006571
006572
006573
006574
006575
006576
006577
006578
006579
006580
006581
006582
006584
006585
006586
006587
006588
006589
006591
006592
006594
006595
006596
006597
006598
006599
006600
006601
006602
006603
006604
006605
006606
006608
006609
006610
006611
006612
006614
006616
006617
006618
006619
006620
006621
006622
006624
006626
006627
006628
006629
006630
006631
006632
006633
006634
006635
006636
006637
006638
006639
006640
006642
006643
006644
006647
006648
006649
006650
006651
006652
006653
006654
006655
006656
006657
006658
006659
006660
006661
006662
006663
006664
006666
006668
006669
006670
006671
006672
006673
006674
006675
006676
006679
006680
006682
006683
006686
006687
006688
006689
006690
006691
006693
006694
006696
006697
006698
006699
006700
006701
006703
006705
006706
006708
006709
006710
006711
006712
006713
006715
006717
006718
006719
006721
006723
006724
006725
006726
006727
006728
006730
006731
006732
006733
006734
006735
006736
006737
006738
006743
006744
006745
006746
006747
006748
006749
006750
006751
006752
006753
006754
006755
006756
006757
006758
006759
006760
006763
006764
006765
006766
006767
006768
006769
006770
006771
006773
006774
006775
006777
006778
006780
006781
006782
006783
006785
006786
006788
006790
006791
006792
006793
006794
006795
006796
006797
006798
006800
006802
006803
006804
006805
006807
006808
006809
006810
006811
006813
006814
006815
006816
006818
006819
006820
006821
006822
006823
006825
006826
006827
006828
006829
006830
006831
006832
006833
006834
006835
006836
006837
006838
006840
006841
006842
006843
006844
006847
006849
006850
006851
006852
006854
006855
006856
006857
006858
006859
006861
006863
006864
006865
006866
006867
006868
006870
006872
006873
006874
006875
006877
006878
006879
006880
006881
006882
006886
006887
006888
006889
006890
006891
006892
006893
006895
006896
006897
006898
006899
006900
006902
006903
006906
006907
006908
006909
006911
006913
006914
006916
006917
006919
006921
006923
006924
006926
006929
006930
006931
006933
006936
006938
006939
006940
006941
006942
006943
006944
006945
006947
006948
006949
006950
006951
006952
006953
006955
006956
006957
006959
006961
006963
006964
006966
006967
006968
006969
006971
006972
006973
006975
006976
006978
006979
006980
006981
006982
006983
006985
006986
006987
006988
006989
006990
006994
006995
006996
006997
006998
006999
007000
007001
007002
007003
007004
007005
007006
007007
007008
007009
007011
007014
007016
007017
007018
007020
007021
007022
007023
007024
007025
007026
007027
007028
007029
007030
007033
007034
007036
007038
007039
007040
007041
007042
007043
007044
007046
007047
007048
007049
007050
007051
007052
007053
007054
007055
007056
007057
007059
007061
007062
007063
007064
007065
007066
007068
007070
007071
007072
007073
007075
007076
007078
007080
007081
007082
007083
007084
007086
007087
007088
007089
007090
007091
007092
007093
007095
007096
007097
007098
007099
007100
007101
007102
007103
007104
007105
007106
007109
007110
007111
007113
007114
007115
007116
007117
007118
007120
007121
007123
007124
007125
007126
007127
007128
007129
007130
007131
007132
007133
007134
007135
007138
007139
007140
007141
007142
007143
007145
007146
007148
007152
007153
007155
007156
007157
007159
007160
007161
007162
007163
007164
007165
007166
007167
007168
007169
007170
007171
007172
007174
007175
007176
007177
007178
007179
007180
007181
007182
007183
007184
007185
007187
007188
007189
007190
007191
007192
007193
007195
007196
007197
007199
007200
007201
007203
007204
007206
007207
007208
007209
007210
007211
007212
007214
007215
007217
007218
007219
007220
007221
007222
007223
007224
007225
007227
007228
007229
007231
007232
007234
007235
007237
007238
007239
007240
007241
007242
007243
007244
007245
007247
007248
007249
007250
007251
007252
007253
007254
007255
007256
007257
007258
007259
007260
007261
007262
007264
007266
007269
007270
007271
007272
007273
007276
007277
007279
007280
007281
007282
007283
007284
007285
007286
007287
007288
007290
007291
007292
007293
007294
007296
007297
007299
007300
007301
007302
007303
007304
007305
007306
007307
007308
007309
007310
007312
007313
007314
007316
007317
007318
007319
007320
007321
007322
007324
007326
007327
007328
007329
007331
007332
007333
007334
007336
007337
007338
007339
007341
007342
007343
007344
007346
007347
007348
007350
007352
007353
007354
007355
007356
007357
007358
007359
007360
007361
007362
007364
007365
007367
007368
007370
007371
007372
007374
007376
007379
007380
007381
007382
007383
007384
007385
007386
007387
007388
007389
007392
007393
007394
007395
007396
007398
007399
007400
007401
007402
007404
007405
007406
007407
007408
007409
007410
007411
007412
007413
007415
007416
007417
007418
007419
007420
007423
007424
007426
007427
007428
007429
007430
007431
007432
007433
007434
007435
007436
007437
007438
007439
007441
007442
007443
007444
007445
007446
007447
007448
007451
007453
007454
007457
007458
007459
007460
007461
007462
007463
007464
007466
007468
007469
007470
007471
007474
007477
007478
007479
007480
007481
007482
007483
007484
007485
007486
007487
007488
007489
007490
007491
007493
007494
007495
007496
007497
007498
007499
007500
007501
007502
007503
007504
007505
007506
007508
007510
007511
007512
007513
007514
007515
007516
007518
007520
007521
007522
007524
007525
007526
007527
007528
007529
007531
007532
007533
007534
007535
007536
007537
007538
007539
007540
007541
007542
007543
007544
007545
007546
007549
007550
007551
007553
007554
007555
007557
007558
007559
007560
007561
007562
007563
007564
007565
007566
007567
007568
007569
007570
007571
007575
007577
007578
007579
007580
007581
007585
007587
007588
007589
007590
007591
007592
007593
007595
007596
007597
007598
007599
007600
007601
007603
007604
007606
007607
007608
007609
007610
007611
007612
007613
007614
007616
007617
007618
007619
007620
007621
007623
007624
007625
007627
007630
007632
007633
007634
007636
007637
007638
007640
007641
007642
007643
007646
007648
007649
007650
007651
007652
007653
007655
007656
007658
007659
007660
007663
007664
007665
007666
007667
007668
007669
007670
007671
007672
007673
007674
007675
007676
007677
007678
007679
007680
007681
007682
007683
007685
007686
007687
007688
007690
007691
007692
007693
007694
007695
007696
007697
007698
007699
007700
007702
007704
007706
007707
007708
007709
007710
007712
007713
007714
007715
007716
007717
007718
007719
007721
007722
007723
007725
007726
007727
007728
007729
007730
007731
007732
007733
007734
007735
007737
007738
007739
007740
007741
007742
007743
007744
007745
007746
007747
007748
007750
007751
007752
007753
007754
007759
007760
007761
007762
007763
007764
007766
007768
007769
007770
007771
007772
007774
007776
007777
007778
007781
007782
007783
007784
007785
007786
007787
007788
007789
007791
007792
007793
007794
007795
007796
007798
007799
007802
007804
007806
007807
007810
007811
007812
007814
007815
007816
007817
007818
007819
007820
007821
007822
007824
007825
007827
007828
007829
007830
007831
007832
007833
007834
007835
007837
007838
007839
007840
007841
007842
007843
007844
007845
007846
007848
007849
007851
007852
007853
007854
007855
007856
007858
007859
007860
007861
007862
007863
007864
007865
007866
007868
007870
007871
007872
007873
007874
007875
007876
007877
007879
007880
007881
007882
007883
007886
007887
007888
007889
007890
007891
007892
007893
007894
007895
007896
007897
007899
007901
007903
007904
007906
007907
007908
007909
007910
007912
007913
007914
007915
007917
007918
007919
007920
007921
007922
007923
007924
007925
007926
007927
007928
007929
007930
007931
007932
007933
007936
007937
007940
007941
007942
007943
007945
007946
007947
007948
007949
007950
007951
007952
007953
007954
007955
007957
007958
007959
007961
007962
007964
007966
007967
007971
007972
007974
007975
007976
007977
007980
007981
007983
007984
007985
007986
007987
007988
007989
007991
007992
007993
007995
007996
007998
007999
008000
008002
008003
008004
008006
008007
008008
008009
008012
008013
008015
008016
008017
008018
008019
008020
008023
008024
008025
008026
008028
008029
008032
008033
008034
008036
008037
008038
008039
008040
008042
008043
008045
008046
008047
008048
008049
008051
008052
008053
008054
008056
008058
008059
008061
008062
008064
008065
008066
008067
008068
008069
008070
008071
008072
008074
008075
008077
008079
008080
008081
008082
008083
008084
008085
008087
008088
008089
008090
008091
008092
008093
008094
008095
008096
008097
008098
008100
008101
008102
008103
008105
008106
008108
008109
008110
008111
008112
008113
008114
008115
008116
008117
008118
008119
008120
008121
008122
008123
008124
008125
008127
008129
008130
008131
008132
008134
008135
008136
008137
008139
008140
008141
008142
008143
008145
008148
008149
008150
008151
008152
008153
008154
008155
008156
008157
008158
008159
008162
008164
008166
008167
008168
008169
008170
008171
008172
008173
008175
008177
008178
008179
008180
008181
008182
008183
008184
008185
008186
008187
008189
008191
008192
008193
008194
008195
008196
008197
008198
008199
008200
008201
008202
008203
008204
008205
008206
008207
008208
008209
008210
008211
008212
008216
008217
008218
008219
008220
008221
008222
008223
008224
008225
008226
008227
008228
008229
008230
008231
008232
008234
008235
008236
008237
008238
008239
008241
008243
008244
008245
008246
008248
008249
008250
008251
008252
008253
008254
008255
008256
008259
008260
008261
008262
008263
008264
008265
008266
008267
008268
008269
008270
008271
008273
008274
008275
008276
008277
008278
008279
008281
008282
008283
008284
008285
008286
008287
008288
008291
008292
008296
008297
008299
008300
008301
008302
008303
008305
008306
008307
008308
008309
008310
008311
008313
008314
008315
008316
008317
008318
008319
008320
008321
008324
008326
008327
008328
008329
008330
008332
008333
008335
008336
008337
008338
008339
008340
008341
008342
008343
008344
008345
008346
008347
008348
008349
008351
008352
008354
008355
008356
008357
008358
008361
008362
008364
008365
008366
008367
008368
008369
008372
008373
008374
008375
008378
008379
008380
008381
008382
008383
008384
008385
008386
008387
008388
008389
008390
008391
008392
008393
008394
008395
008396
008397
008398
008399
008400
008403
008404
008405
008406
008410
008411
008412
008413
008415
008417
008419
008421
008422
008423
008424
008425
008426
008427
008428
008429
008430
008432
008433
008434
008436
008437
008438
008439
008440
008441
008442
008443
008444
008445
008447
008448
008450
008451
008452
008453
008454
008456
008458
008460
008462
008463
008465
008466
008467
008470
008471
008472
008473
008474
008475
008476
008477
008479
008480
008481
008482
008483
008484
008485
008486
008487
008488
008489
008490
008491
008492
008494
008495
008496
008497
008498
008499
008501
008502
008503
008504
008505
008506
008507
008508
008509
008510
008512
008513
008514
008515
008516
008517
008519
008521
008522
008523
008524
008525
008526
008527
008528
008529
008531
008532
008533
008534
008535
008536
008537
008540
008541
008542
008543
008544
008545
008547
008549
008550
008552
008553
008554
008555
008556
008558
008559
008560
008562
008563
008566
008568
008569
008572
008573
008575
008576
008578
008580
008582
008583
008585
008587
008588
008589
008590
008591
008592
008593
008595
008596
008597
008599
008600
008601
008602
008603
008604
008606
008607
008608
008609
008610
008611
008612
008613
008614
008615
008616
008619
008620
008622
008623
008624
008626
008627
008628
008629
008631
008633
008634
008635
008636
008637
008638
008639
008640
008641
008642
008643
008644
008645
008646
008648
008649
008650
008651
008653
008654
008655
008656
008657
008658
008659
008660
008661
008662
008663
008664
008665
008666
008667
008668
008669
008670
008671
008672
008673
008674
008676
008678
008679
008680
008681
008683
008686
008687
008689
008691
008692
008693
008694
008695
008696
008697
008699
008700
008701
008703
008704
008705
008706
008707
008708
008709
008710
008711
008712
008713
008714
008717
008718
008720
008721
008722
008723
008725
008726
008727
008728
008730
008731
008733
008734
008735
008736
008737
008738
008739
008740
008742
008745
008746
008747
008748
008749
008751
008752
008754
008755
008757
008758
008759
008760
008761
008762
008763
008764
008765
008767
008771
008773
008774
008776
008777
008778
008779
008780
008781
008782
008783
008784
008786
008788
008789
008791
008792
008793
008794
008795
008796
008797
008798
008800
008801
008802
008803
008804
008807
008808
008809
008810
008811
008813
008814
008817
008818
008819
008820
008821
008822
008823
008824
008825
008826
008827
008829
008830
008831
008832
008833
008835
008836
008837
008838
008839
008840
008841
008842
008843
008845
008846
008847
008849
008850
008851
008852
008854
008855
008857
008858
008859
008860
008861
008862
008863
008864
008865
008867
008868
008869
008871
008873
008874
008875
008876
008877
008878
008879
008880
008881
008882
008883
008884
008885
008886
008888
008889
008890
008891
008892
008893
008894
008895
008897
008898
008899
008900
008902
008903
008904
008905
008908
008909
008910
008912
008913
008914
008915
008916
008917
008918
008919
008920
008922
008925
008926
008927
008930
008932
008933
008934
008935
008936
008937
008938
008939
008942
008944
008945
008946
008947
008948
008949
008950
008951
008952
008953
008954
008955
008956
008958
008959
008960
008961
008963
008964
008965
008967
008968
008969
008971
008976
008977
008979
008980
008981
008982
008984
008985
008986
008987
008988
008989
008990
008991
008992
008993
008994
008995
008997
008998
008999
009000
009001
009002
009003
009004
009008
009009
009010
009011
009012
009013
009014
009015
009016
009017
009018
009019
009020
009021
009022
009023
009024
009025
009027
009028
009029
009030
009032
009034
009035
009036
009037
009038
009039
009040
009041
009042
009043
009045
009046
009047
009048
009049
009052
009053
009054
009055
009056
009057
009058
009059
009060
009061
009062
009063
009064
009065
009066
009067
009068
009069
009070
009071
009073
009074
009076
009077
009078
009079
009080
009082
009086
009089
009090
009093
009095
009096
009097
009098
009099
009100
009101
009102
009103
009104
009105
009106
009108
009109
009110
009111
009112
009113
009115
009116
009117
009118
009120
009121
009123
009124
009125
009126
009127
009129
009131
009132
009135
009136
009138
009140
009141
009142
009143
009145
009147
009148
009150
009151
009153
009154
009158
009159
009160
009161
009163
009164
009167
009171
009173
009174
009175
009176
009177
009179
009180
009181
009182
009183
009184
009185
009186
009187
009189
009190
009191
009192
009194
009195
009196
009197
009198
009199
009200
009201
009202
009203
009204
009205
009206
009207
009208
009210
009211
009212
009213
009214
009215
009216
009217
009219
009220
009221
009222
009223
009224
009225
009226
009227
009228
009229
009230
009232
009233
009234
009236
009237
009239
009240
009243
009244
009245
009246
009247
009248
009249
009250
009251
009252
009253
009254
009255
009256
009257
009259
009260
009261
009263
009264
009265
009266
009267
009268
009269
009270
009271
009272
009273
009274
009275
009276
009277
009278
009279
009280
009281
009282
009283
009284
009285
009286
009287
009288
009289
009290
009292
009293
009294
009295
009296
009298
009299
009300
009301
009302
009303
009304
009305
009308
009309
009310
009312
009313
009314
009315
009320
009322
009323
009324
009325
009326
009327
009328
009329
009330
009332
009333
009336
009337
009338
009339
009340
009341
009342
009343
009344
009345
009346
009347
009348
009349
009350
009351
009352
009353
009357
009359
009360
009361
009362
009365
009366
009367
009368
009369
009370
009371
009372
009373
009374
009376
009377
009378
009379
009380
009381
009382
009383
009385
009386
009387
009388
009389
009390
009391
009392
009393
009394
009395
009396
009397
009399
009400
009401
009402
009403
009404
009405
009407
009408
009409
009410
009412
009413
009415
009416
009417
009418
009419
009420
009421
009422
009423
009424
009426
009428
009429
009430
009431
009433
009434
009435
009436
009437
009439
009441
009442
009443
009444
009446
009447
009449
009450
009451
009452
009453
009454
009455
009456
009457
009458
009459
009460
009461
009462
009463
009464
009465
009466
009467
009468
009469
009470
009471
009472
009473
009474
009476
009477
009478
009479
009480
009481
009482
009483
009484
009485
009486
009488
009489
009490
009491
009492
009494
009495
009497
009499
009501
009502
009503
009504
009505
009506
009508
009510
009511
009512
009514
009515
009516
009517
009519
009520
009521
009522
009523
009526
009528
009529
009530
009531
009532
009533
009534
009535
009537
009538
009539
009540
009541
009542
009544
009545
009546
009547
009548
009549
009550
009551
009552
009553
009554
009555
009557
009558
009560
009561
009562
009563
009564
009565
009567
009569
009571
009572
009573
009574
009575
009576
009577
009578
009581
009582
009583
009586
009587
009589
009591
009592
009593
009594
009595
009596
009597
009598
009599
009600
009601
009602
009603
009604
009605
009606
009607
009608
009610
009611
009612
009613
009614
009615
009616
009617
009619
009621
009622
009623
009624
009625
009626
009627
009629
009630
009632
009633
009635
009636
009638
009639
009640
009641
009642
009644
009646
009648
009651
009652
009654
009656
009657
009658
009659
009662
009663
009664
009666
009668
009669
009671
009672
009673
009674
009675
009676
009677
009678
009680
009681
009682
009683
009684
009685
009686
009687
009689
009690
009691
009693
009694
009695
009697
009698
009699
009700
009701
009703
009704
009705
009706
009708
009709
009710
009711
009712
009714
009715
009716
009717
009720
009721
009722
009723
009724
009725
009726
009727
009728
009729
009730
009731
009732
009733
009734
009735
009736
009738
009739
009740
009743
009744
009745
009747
009750
009752
009753
009754
009757
009758
009762
009763
009765
009766
009767
009769
009771
009772
009773
009774
009775
009778
009779
009780
009782
009783
009784
009786
009787
009788
009789
009790
009791
009792
009793
009794
009795
009796
009798
009800
009802
009803
009804
009805
009806
009808
009809
009811
009812
009813
009814
009815
009816
009820
009821
009822
009823
009824
009825
009828
009829
009830
009831
009832
009833
009834
009835
009836
009837
009838
009839
009841
009842
009843
009844
009845
009846
009847
009848
009849
009850
009851
009852
009853
009854
009855
009856
009857
009858
009859
009860
009861
009862
009863
009864
009865
009866
009867
009868
009869
009870
009871
009872
009873
009875
009876
009877
009879
009880
009881
009882
009883
009884
009885
009886
009887
009889
009890
009892
009893
009894
009895
009896
009898
009899
009900
009901
009902
009903
009904
009905
009906
009907
009908
009909
009910
009911
009912
009913
009914
009915
009916
009917
009918
009919
009920
009921
009922
009923
009924
009925
009926
009927
009928
009930
009931
009934
009936
009937
009938
009939
009940
009941
009942
009945
009946
009947
009948
009949
009950
009951
009954
009955
009957
009958
009960
009962
009963
009965
009966
009967
009968
009969
009970
009975
009976
009978
009979
009980
009981
009982
009983
009984
009985
009987
009988
009989
009990
009991
009992
009998
009999
010001
010002
010004
010005
010008
010009
010010
010011
010012
010013
010014
010015
010016
010018
010019
010021
010022
010023
010024
010026
010027
010029
010030
010031
010032
010034
010035
010036
010039
010040
010043
010044
010045
010046
010048
010049
010050
010051
010053
010054
010055
010057
010058
010059
010060
010061
010062
010063
010064
010065
010067
010068
010069
010071
010072
010075
010077
010081
010082
010083
010085
010086
010087
010088
010089
010090
010091
010093
010094
010095
010096
010097
010099
010100
010101
010102
010103
010104
010105
010106
010107
010108
010109
010110
010112
010113
010114
010115
010117
010118
010119
010121
010122
010123
010124
010125
010126
010128
010129
010130
010131
010132
010133
010134
010135
010136
010137
010138
010139
010140
010142
010143
010144
010145
010146
010147
010148
010149
010150
010152
010153
010154
010155
010156
010157
010158
010159
010160
010161
010162
010165
010167
010168
010169
010171
010172
010173
010174
010175
010176
010177
010178
010179
010180
010181
010182
010183
010184
010185
010186
010187
010188
010189
010190
010191
010192
010193
010194
010195
010197
010198
010199
010200
010201
010202
010203
010204
010205
010206
010207
010209
010210
010212
010214
010215
010216
010217
010218
010219
010220
010222
010223
010225
010226
010227
010228
010229
010230
010231
010232
010233
010234
010235
010237
010238
010239
010240
010241
010242
010243
010244
010245
010249
010250
010251
010252
010253
010254
010255
010256
010257
010258
010259
010260
010261
010264
010265
010268
010269
010270
010271
010272
010273
010274
010275
010277
010280
010281
010283
010284
010286
010287
010288
010289
010292
010293
010294
010295
010296
010298
010299
010300
010301
010302
010303
010305
010306
010307
010308
010309
010310
010311
010312
010313
010315
010316
010317
010319
010320
010322
010323
010324
010325
010326
010327
010329
010330
010331
010332
010333
010334
010337
010338
010341
010342
010344
010345
010346
010347
010348
010349
010350
010352
010353
010354
010355
010357
010358
010359
010360
010361
010362
010363
010364
010365
010367
010368
010369
010370
010371
010373
010375
010376
010377
010378
010380
010381
010382
010383
010384
010385
010386
010388
010389
010390
010392
010393
010394
010397
010398
010399
010400
010401
010402
010403
010405
010407
010408
010409
010410
010411
010412
010413
010415
010416
010417
010418
010419
010420
010421
010422
010423
010424
010425
010426
010427
010428
010429
010432
010433
010434
010435
010437
010438
010439
010441
010443
010444
010445
010446
010447
010448
010449
010453
010454
010455
010456
010457
010458
010459
010461
010462
010463
010464
010465
010466
010467
010468
010469
010470
010471
010472
010473
010474
010475
010476
010477
010478
010480
010481
010483
010484
010485
010486
010487
010488
010489
010491
010492
010493
010494
010495
010496
010498
010499
010500
010501
010503
010504
010505
010506
010507
010509
010510
010511
010513
010514
010516
010517
010518
010519
010520
010521
010524
010525
010528
010529
010530
010532
010533
010534
010536
010537
010539
010541
010542
010543
010544
010545
010546
010548
010549
010550
010551
010552
010553
010554
010555
010556
010558
010559
010560
010561
010562
010564
010565
010566
010568
010569
010570
010571
010572
010573
010574
010575
010576
010577
010578
010580
010582
010583
010584
010585
010586
010588
010589
010590
010591
010592
010593
010594
010595
010596
010597
010598
010599
010600
010601
010602
010603
010604
010605
010606
010607
010608
010609
010610
010611
010612
010613
010614
010615
010616
010618
010619
010620
010621
010622
010624
010625
010626
010627
010630
010631
010632
010633
010634
010635
010636
010638
010639
010640
010641
010642
010643
010644
010645
010646
010647
010648
010649
010650
010651
010652
010653
010656
010657
010660
010661
010662
010663
010664
010665
010666
010667
010668
010669
010670
010672
010673
010674
010675
010676
010677
010678
010679
010680
010681
010682
010683
010684
010686
010688
010689
010690
010693
010694
010695
010696
010701
010702
010703
010704
010705
010707
010711
010712
010713
010714
010715
010716
010717
010718
010719
010720
010722
010723
010725
010726
010728
010729
010730
010731
010732
010735
010738
010739
010740
010741
010742
010744
010745
010746
010747
010748
010750
010751
010752
010754
010755
010756
010757
010758
010759
010760
010761
010762
010763
010764
010765
010766
010767
010769
010771
010772
010774
010775
010776
010777
010778
010779
010781
010782
010783
010784
010785
010786
010787
010788
010789
010790
010791
010793
010794
010795
010796
010797
010798
010799
010800
010801
010802
010803
010804
010805
010806
010807
010810
010811
010812
010814
010816
010817
010818
010819
010820
010821
010823
010824
010826
010827
010828
010831
010832
010833
010834
010835
010836
010837
010838
010839
010840
010842
010843
010844
010845
010847
010848
010849
010850
010851
010852
010853
010854
010855
010856
010857
010858
010860
010861
010862
010863
010864
010866
010867
010868
010871
010873
010874
010875
010876
010877
010878
010879
010880
010881
010882
010883
010884
010885
010886
010888
010889
010892
010893
010894
010895
010896
010897
010898
010899
010900
010901
010902
010903
010904
010907
010908
010909
010910
010912
010913
010914
010915
010916
010917
010918
010919
010920
010921
010923
010924
010926
010927
010928
010929
010930
010931
010932
010933
010934
010935
010936
010937
010938
010939
010941
010942
010945
010946
010947
010948
010950
010951
010952
010955
010956
010957
010958
010959
010960
010962
010963
010964
010965
010966
010967
010968
010969
010970
010971
010972
010975
010977
010978
010979
010981
010983
010984
010985
010987
010988
010989
010990
010991
010992
010993
010995
010996
010997
010998
010999
011000
011001
011002
011003
011008
011009
011011
011012
011013
011014
011015
011016
011017
011018
011019
011020
011021
011024
011025
011026
011027
011029
011030
011032
011033
011034
011035
011036
011039
011040
011041
011042
011044
011046
011047
011048
011049
011050
011051
011052
011054
011055
011056
011057
011058
011059
011060
011061
011062
011063
011065
011066
011067
011069
011070
011071
011072
011073
011074
011075
011076
011078
011080
011081
011083
011084
011085
011086
011087
011088
011089
011090
011091
011092
011095
011096
011098
011099
011100
011101
011102
011103
011106
011107
011108
011109
011110
011111
011112
011113
011114
011115
011116
011117
011118
011119
011120
011121
011122
011123
011124
011125
011126
011127
011128
011130
011131
011134
011135
011136
011137
011141
011142
011143
011144
011145
011146
011147
011148
011150
011151
011153
011154
011155
011157
011159
011160
011161
011162
011163
011164
011165
011166
011168
011169
011170
011171
011172
011173
011174
011175
011176
011177
011178
011180
011181
011183
011184
011185
011186
011188
011189
011190
011191
011192
011194
011195
011196
011197
011198
011199
011200
011202
011203
011205
011207
011208
011209
011210
011211
011213
011214
011216
011217
011218
011219
011220
011221
011224
011225
011226
011227
011228
011229
011230
011231
011233
011234
011235
011236
011238
011240
011242
011243
011244
011245
011246
011247
011248
011249
011250
011251
011252
011253
011254
011255
011256
011257
011258
011259
011260
011261
011264
011265
011266
011267
011268
011269
011270
011271
011272
011273
011274
011275
011276
011278
011279
011280
011281
011285
011286
011287
011288
011289
011290
011291
011292
011293
011294
011295
011296
011297
011299
011300
011301
011302
011303
011304
011305
011306
011307
011308
011309
011310
011311
011312
011313
011315
011317
011318
011319
011320
011322
011323
011325
011326
011327
011328
011329
011330
011331
011332
011333
011334
011335
011337
011338
011339
011340
011341
011342
011343
011344
011345
011346
011347
011348
011349
011351
011352
011353
011355
011356
011358
011359
011360
011362
011363
011364
011365
011366
011367
011368
011370
011371
011373
011374
011376
011377
011378
011379
011380
011382
011383
011384
011385
011387
011388
011389
011390
011391
011393
011394
011397
011398
011399
011400
011401
011402
011403
011404
011405
011407
011408
011409
011410
011411
011413
011415
011416
011417
011418
011419
011420
011421
011423
011424
011425
011426
011427
011428
011429
011431
011432
011433
011434
011436
011437
011438
011439
011440
011441
011442
011444
011445
011447
011450
011452
011454
011456
011457
011458
011459
011460
011461
011462
011463
011464
011465
011466
011467
011468
011469
011470
011472
011473
011474
011475
011476
011477
011478
011479
011480
011481
011482
011484
011486
011488
011489
011490
011492
011493
011494
011495
011496
011497
011499
011500
011502
011503
011504
011505
011506
011507
011508
011509
011510
011511
011512
011513
011514
011516
011518
011519
011520
011521
011522
011523
011524
011526
011527
011528
011529
011530
011531
011533
011534
011535
011537
011538
011543
011544
011545
011546
011548
011549
011550
011551
011552
011553
011554
011555
011556
011558
011559
011560
011561
011562
011566
011567
011568
011570
011571
011572
011573
011574
011575
011576
011577
011578
011582
011583
011584
011585
011586
011587
011588
011590
011592
011593
011595
011596
011597
011601
011602
011603
011604
011605
011607
011610
011611
011612
011613
011614
011615
011616
011617
011618
011619
011620
011621
011622
011624
011626
011627
011628
011630
011631
011632
011633
011636
011637
011638
011639
011640
011641
011642
011643
011644
011645
011647
011648
011650
011652
011654
011655
011656
011657
011658
011659
011660
011661
011662
011664
011665
011666
011667
011668
011669
011670
011671
011672
011673
011675
011676
011677
011678
011680
011682
011686
011687
011688
011689
011692
011693
011695
011697
011698
011699
011700
011701
011702
011704
011705
011707
011708
011709
011710
011711
011712
011713
011715
011716
011718
011719
011722
011723
011724
011725
011726
011727
011729
011730
011731
011732
011733
011734
011736
011737
011738
011740
011741
011742
011743
011744
011745
011747
011748
011749
011751
011752
011754
011756
011757
011758
011759
011760
011761
011762
011763
011764
011766
011767
011768
011769
011770
011771
011772
011773
011774
011775
011776
011777
011779
011781
011782
011783
011784
011787
011789
011790
011791
011792
011793
011794
011795
011797
011798
011799
011800
011802
011804
011805
011806
011807
011808
011809
011810
011811
011815
011816
011819
011820
011821
011822
011823
011825
011826
011827
011828
011830
011831
011832
011833
011834
011835
011836
011837
011838
011839
011840
011841
011842
011844
011845
011847
011849
011850
011853
011854
011855
011856
011858
011860
011861
011862
011863
011864
011866
011867
011868
011871
011872
011877
011879
011880
011881
011882
011883
011884
011885
011886
011887
011888
011889
011890
011891
011892
011893
011895
011896
011897
011898
011900
011901
011902
011903
011904
011905
011908
011909
011910
011912
011913
011914
011916
011917
011918
011920
011921
011922
011923
011925
011927
011928
011929
011931
011932
011933
011934
011935
011936
011938
011939
011940
011941
011944
011945
011946
011947
011948
011949
011951
011952
011953
011954
011955
011956
011957
011958
011959
011960
011961
011962
011963
011964
011965
011966
011967
011968
011969
011970
011971
011972
011973
011974
011975
011976
011977
011978
011979
011980
011981
011983
011984
011985
011986
011987
011989
011990
011991
011992
011993
011995
011996
011998
012000
012003
012005
012006
012007
012008
012009
012010
012011
012013
012014
012016
012017
012018
012019
012020
012023
012025
012026
012027
012028
012029
012030
012031
012032
012033
012034
012035
012036
012037
012038
012039
012041
012042
012043
012044
012045
012046
012047
012049
012050
012052
012053
012054
012056
012057
012058
012059
012060
012061
012062
012064
012065
012066
012067
012068
012069
012070
012072
012073
012074
012075
012076
012077
012079
012080
012081
012083
012084
012085
012086
012087
012088
012090
012092
012093
012094
012095
012096
012097
012099
012100
012101
012102
012103
012104
012105
012106
012107
012108
012109
012110
012111
012113
012114
012116
012117
012118
012120
012123
012124
012125
012127
012128
012129
012130
012131
012132
012133
012134
012135
012137
012140
012141
012142
012143
012144
012146
012147
012148
012149
012150
012151
012152
012153
012154
012155
012156
012158
012159
012160
012161
012162
012163
012164
012166
012167
012168
012169
012170
012171
012172
012173
012174
012176
012177
012178
012179
012180
012181
012182
012183
012185
012186
012187
012189
012190
012191
012192
012193
012194
012195
012197
012198
012199
012200
012202
012203
012204
012205
012207
012208
012210
012211
012213
012214
012215
012216
012217
012218
012219
012220
012221
012222
012223
012224
012225
012228
012229
012230
012231
012232
012235
012236
012237
012238
012240
012241
012242
012243
012244
012245
012246
012247
012248
012249
012250
012251
012252
012253
012254
012255
012259
012261
012262
012263
012264
012265
012266
012267
012269
012270
012271
012272
012273
012274
012275
012276
012278
012279
012281
012283
012284
012285
012286
012287
012288
012289
012290
012291
012292
012293
012294
012295
012296
012297
012299
012300
012301
012302
012303
012306
012307
012308
012309
012311
012312
012313
012314
012315
012316
012317
012319
012321
012323
012324
012325
012326
012327
012328
012329
012330
012331
012332
012333
012334
012335
012336
012337
012338
012339
012341
012343
012345
012346
012347
012348
012349
012350
012353
012354
012356
012357
012358
012359
012360
012361
012362
012366
012368
012370
012371
012372
012373
012375
012376
012378
012379
012380
012381
012382
012383
012384
012385
012387
012388
012389
012390
012391
012392
012393
012395
012396
012397
012401
012402
012403
012404
012405
012406
012407
012408
012409
012410
012411
012414
012415
012416
012417
012418
012419
012420
012421
012422
012423
012424
012425
012426
012427
012428
012430
012431
012432
012433
012434
012435
012436
012437
012439
012441
012444
012446
012447
012448
012449
012450
012452
012453
012454
012455
012456
012457
012458
012459
012460
012461
012462
012464
012465
012466
012468
012469
012470
012471
012474
012475
012476
012477
012478
012479
012480
012481
012482
012484
012485
012488
012490
012491
012493
012494
012495
012496
012497
012498
012499
012500
012501
012502
012503
012504
012505
012506
012507
012509
012510
012511
012512
012513
012514
012515
012516
012517
012519
012520
012521
012522
012524
012526
012527
012529
012530
012532
012533
012534
012535
012536
012537
012538
012539
012540
012541
012542
012543
012544
012545
012546
012549
012550
012552
012553
012556
012557
012559
012560
012562
012563
012565
012566
012567
012568
012569
012570
012573
012574
012575
012577
012578
012580
012581
012582
012583
012584
012585
012586
012587
012588
012589
012590
012593
012594
012595
012596
012597
012598
012601
012602
012603
012604
012605
012606
012607
012608
012611
012612
012613
012614
012615
012616
012617
012618
012619
012622
012623
012625
012626
012627
012628
012630
012631
012632
012635
012636
012637
012638
012639
012640
012641
012642
012643
012644
012645
012646
012647
012648
012649
012650
012652
012653
012654
012655
012657
012659
012660
012661
012662
012665
012666
012667
012668
012669
012670
012672
012673
012674
012675
012676
012678
012679
012680
012681
012682
012683
012684
012685
012687
012688
012689
012690
012691
012692
012694
012695
012696
012697
012698
012699
012700
012701
012702
012703
012704
012705
012706
012708
012709
012710
012711
012712
012713
012714
012715
012717
012718
012720
012721
012722
012724
012727
012728
012729
012730
012733
012734
012735
012736
012737
012738
012739
012740
012741
012742
012743
012744
012745
012746
012747
012748
012749
012750
012751
012752
012753
012755
012756
012757
012759
012760
012762
012763
012764
012765
012766
012767
012768
012769
012770
012771
012772
012775
012776
012778
012779
012780
012782
012783
012784
012786
012787
012788
012789
012790
012791
012793
012795
012796
012797
012798
012799
012800
012801
012802
012803
012804
012807
012811
012812
012813
012814
012816
012817
012818
012821
012822
012823
012825
012826
012827
012828
012829
012830
012831
012834
012835
012837
012838
012839
012841
012842
012844
012845
012846
012848
012850
012851
012853
012855
012856
012857
012858
012859
012860
012861
012865
012867
012868
012870
012871
012872
012873
012874
012875
012876
012877
012878
012879
012880
012882
012883
012884
012887
012888
012889
012890
012891
012892
012893
012894
012895
012896
012898
012899
012901
012903
012905
012906
012908
012910
012911
012912
012913
012914
012915
012916
012918
012919
012920
012921
012922
012924
012925
012926
012927
012929
012930
012932
012933
012934
012935
012936
012937
012938
012939
012941
012942
012943
012944
012945
012946
012947
012949
012950
012951
012952
012953
012955
012956
012959
012961
012962
012963
012964
012966
012967
012968
012971
012973
012974
012975
012976
012977
012978
012979
012981
012982
012983
012984
012985
012986
012987
012988
012990
012991
012992
012993
012994
012995
012996
012997
012999
013001
013002
013004
013005
013006
013007
013008
013009
013010
013012
013013
013015
013016
013018
013020
013021
013023
013024
013025
013027
013029
013030
013031
013034
013035
013036
013037
013040
013042
013043
013044
013045
013046
013049
013050
013051
013052
013053
013054
013055
013056
013057
013060
013061
013063
013064
013065
013066
013069
013070
013071
013073
013074
013075
013076
013077
013078
013079
013081
013083
013084
013085
013086
013087
013088
013089
013090
013091
013092
013093
013094
013095
013096
013097
013098
013099
013100
013102
013105
013106
013107
013108
013109
013110
013111
013112
013113
013114
013115
013116
013117
013118
013121
013122
013125
013126
013127
013128
013129
013131
013132
013133
013134
013136
013137
013138
013139
013140
013141
013142
013143
013144
013145
013147
013148
013149
013150
013151
013152
013153
013155
013156
013157
013160
013161
013162
013164
013165
013168
013169
013170
013171
013172
013174
013175
013176
013177
013178
013179
013180
013181
013182
013183
013184
013185
013186
013188
013189
013190
013191
013192
013194
013195
013196
013198
013199
013200
013201
013202
013203
013204
013205
013206
013207
013210
013211
013212
013213
013214
013215
013216
013217
013218
013219
013220
013221
013222
013225
013226
013227
013228
013229
013230
013231
013232
013235
013236
013238
013239
013240
013241
013242
013243
013244
013245
013246
013247
013248
013249
013250
013251
013255
013256
013257
013260
013262
013263
013264
013266
013267
013269
013270
013271
013272
013273
013274
013276
013278
013279
013280
013281
013282
013283
013284
013285
013286
013287
013289
013290
013291
013292
013293
013294
013295
013297
013298
013300
013301
013302
013303
013304
013305
013307
013308
013309
013310
013311
013313
013314
013315
013316
013317
013319
013320
013322
013323
013324
013325
013326
013327
013328
013329
013330
013332
013333
013334
013335
013336
013337
013338
013339
013341
013342
013344
013345
013347
013348
013349
013350
013351
013352
013353
013354
013356
013357
013358
013359
013360
013361
013362
013363
013365
013366
013367
013368
013369
013371
013372
013373
013374
013375
013376
013378
013379
013380
013382
013383
013384
013386
013389
013390
013391
013392
013393
013394
013396
013397
013398
013399
013400
013401
013402
013403
013405
013406
013407
013408
013410
013412
013414
013415
013416
013418
013419
013420
013421
013424
013425
013426
013427
013428
013429
013431
013432
013433
013434
013435
013437
013438
013440
013442
013443
013444
013445
013446
013447
013448
013449
013450
013451
013452
013453
013454
013455
013456
013457
013458
013461
013462
013463
013464
013468
013470
013471
013472
013473
013474
013475
013476
013477
013479
013480
013482
013484
013485
013486
013487
013488
013489
013490
013491
013492
013494
013495
013496
013497
013498
013499
013501
013502
013503
013504
013505
013506
013507
013508
013509
013511
013513
013514
013515
013516
013517
013519
013520
013521
013522
013523
013524
013525
013526
013527
013529
013530
013531
013532
013533
013534
013535
013536
013538
013539
013540
013541
013542
013543
013546
013548
013549
013550
013551
013552
013553
013556
013557
013558
013559
013561
013562
013563
013564
013565
013566
013567
013568
013571
013572
013574
013575
013576
013577
013579
013580
013581
013582
013583
013584
013585
013587
013588
013589
013590
013591
013592
013593
013594
013595
013596
013597
013598
013599
013600
013601
013602
013603
013604
013606
013607
013608
013610
013612
013613
013614
013615
013616
013617
013618
013619
013620
013624
013625
013626
013627
013628
013632
013633
013634
013635
013636
013638
013639
013641
013642
013643
013644
013646
013647
013648
013649
013650
013651
013652
013655
013656
013657
013658
013659
013660
013661
013662
013663
013664
013665
013666
013667
013668
013669
013670
013671
013673
013674
013675
013676
013678
013679
013680
013681
013682
013683
013685
013686
013687
013688
013689
013691
013693
013694
013695
013696
013697
013698
013699
013701
013704
013705
013706
013709
013710
013711
013713
013714
013716
013717
013718
013720
013721
013722
013725
013726
013727
013729
013730
013731
013732
013735
013736
013737
013738
013739
013740
013741
013742
013743
013744
013746
013747
013749
013750
013751
013752
013753
013754
013756
013757
013758
013759
013762
013764
013765
013766
013767
013769
013770
013771
013772
013773
013774
013777
013778
013779
013780
013781
013782
013783
013785
013786
013787
013788
013789
013790
013791
013793
013794
013795
013797
013798
013799
013800
013802
013803
013804
013805
013806
013807
013808
013810
013811
013812
013813
013814
013815
013816
013817
013818
013819
013820
013821
013822
013823
013824
013825
013826
013827
013828
013830
013831
013832
013833
013836
013837
013838
013840
013841
013842
013843
013845
013846
013847
013848
013849
013850
013851
013852
013854
013855
013856
013857
013858
013859
013860
013861
013863
013864
013865
013866
013867
013868
013870
013871
013872
013875
013876
013877
013878
013879
013880
013881
013882
013883
013884
013885
013886
013887
013889
013890
013891
013893
013894
013895
013896
013897
013898
013899
013900
013901
013902
013903
013904
013905
013906
013907
013908
013909
013910
013911
013912
013913
013915
013916
013917
013918
013919
013921
013922
013924
013925
013928
013929
013930
013931
013932
013933
013935
013938
013939
013940
013942
013945
013947
013949
013950
013951
013953
013955
013956
013957
013959
013961
013962
013963
013964
013967
013970
013971
013972
013973
013974
013975
013976
013977
013979
013980
013981
013982
013983
013984
013985
013986
013987
013989
013990
013991
013993
013994
013995
013996
013997
013999
014000
014001
014003
014004
014006
014007
014008
014010
014011
014013
014014
014015
014016
014017
014018
014020
014021
014022
014023
014024
014025
014026
014027
014029
014030
014031
014032
014033
014034
014036
014038
014039
014040
014042
014043
014044
014046
014047
014048
014049
014050
014052
014053
014054
014055
014056
014057
014058
014060
014061
014062
014063
014064
014065
014066
014067
014069
014070
014071
014072
014073
014074
014075
014076
014077
014079
014080
014081
014083
014085
014086
014087
014088
014089
014090
014092
014093
014095
014096
014098
014099
014100
014101
014102
014103
014104
014105
014106
014107
014108
014109
014110
014111
014112
014113
014114
014115
014116
014117
014118
014119
014120
014121
014122
014123
014124
014125
014126
014129
014130
014131
014134
014137
014138
014139
014141
014142
014144
014145
014146
014147
014148
014149
014150
014151
014152
014153
014154
014155
014156
014157
014158
014159
014160
014163
014164
014165
014166
014167
014168
014169
014170
014171
014172
014173
014174
014175
014176
014177
014178
014180
014181
014183
014184
014185
014186
014187
014188
014189
014191
014192
014193
014194
014195
014196
014200
014201
014202
014203
014204
014205
014206
014207
014208
014209
014210
014211
014212
014213
014215
014216
014217
014218
014219
014220
014221
014222
014223
014224
014225
014227
014230
014232
014233
014234
014235
014236
014237
014238
014239
014240
014241
014242
014243
014244
014245
014246
014247
014248
014250
014252
014254
014255
014257
014258
014259
014260
014261
014262
014263
014264
014265
014266
014267
014268
014269
014270
014272
014273
014274
014275
014276
014277
014278
014279
014280
014281
014282
014283
014284
014285
014287
014288
014289
014291
014292
014294
014295
014296
014297
014299
014301
014302
014303
014305
014307
014308
014309
014310
014312
014314
014315
014317
014318
014320
014321
014323
014324
014326
014328
014330
014331
014333
014334
014335
014337
014338
014340
014341
014342
014343
014344
014346
014347
014348
014349
014350
014351
014352
014353
014354
014356
014357
014358
014359
014360
014362
014363
014364
014365
014366
014367
014368
014369
014370
014371
014372
014373
014375
014376
014377
014379
014380
014381
014382
014383
014384
014386
014387
014389
014390
014391
014392
014393
014394
014395
014396
014398
014399
014400
014401
014402
014403
014404
014405
014406
014407
014408
014409
014410
014411
014412
014413
014414
014415
014417
014418
014419
014420
014421
014422
014423
014424
014425
014426
014427
014428
014430
014431
014432
014433
014434
014435
014436
014438
014439
014440
014441
014442
014444
014447
014448
014450
014451
014452
014453
014454
014455
014456
014457
014458
014459
014460
014461
014462
014463
014466
014467
014468
014469
014473
014474
014477
014478
014479
014480
014482
014483
014484
014485
014486
014487
014488
014489
014490
014491
014493
014494
014495
014498
014499
014501
014502
014503
014504
014505
014506
014507
014508
014509
014512
014513
014514
014515
014517
014518
014520
014521
014524
014525
014526
014527
014528
014529
014530
014532
014533
014535
014536
014537
014538
014539
014542
014543
014547
014548
014549
014551
014552
014553
014554
014555
014557
014558
014559
014560
014561
014563
014564
014565
014566
014567
014568
014570
014572
014574
014575
014576
014577
014578
014580
014581
014582
014583
014584
014586
014587
014589
014590
014591
014592
014593
014594
014595
014597
014598
014599
014600
014601
014603
014605
014606
014607
014608
014610
014611
014612
014613
014614
014615
014616
014617
014618
014620
014621
014622
014623
014624
014625
014626
014627
014628
014629
014630
014632
014633
014634
014635
014636
014637
014638
014640
014643
014644
014645
014647
014648
014649
014650
014651
014652
014653
014654
014655
014657
014659
014660
014661
014662
014663
014664
014665
014666
014667
014668
014669
014670
014671
014672
014673
014674
014675
014677
014678
014679
014680
014682
014683
014684
014686
014687
014688
014689
014691
014694
014695
014696
014697
014698
014700
014701
014702
014703
014704
014705
014706
014708
014709
014710
014711
014712
014713
014714
014715
014716
014717
014718
014719
014721
014722
014723
014725
014726
014727
014728
014729
014730
014731
014734
014736
014737
014738
014739
014740
014741
014742
014743
014744
014745
014746
014747
014749
014750
014751
014752
014753
014754
014755
014756
014757
014758
014761
014762
014763
014764
014765
014766
014767
014768
014771
014773
014774
014775
014776
014777
014778
014779
014780
014783
014784
014786
014788
014789
014790
014792
014794
014795
014796
014797
014798
014799
014801
014802
014803
014805
014806
014807
014808
014809
014810
014811
014812
014813
014814
014815
014816
014817
014818
014820
014821
014822
014823
014824
014825
014826
014827
014828
014829
014830
014831
014833
014834
014835
014836
014837
014838
014839
014840
014841
014842
014843
014845
014846
014847
014849
014850
014851
014852
014853
014854
014855
014857
014858
014859
014860
014861
014863
014864
014865
014866
014867
014868
014870
014871
014872
014873
014874
014875
014876
014877
014879
014880
014881
014882
014883
014884
014885
014887
014888
014889
014890
014891
014893
014894
014895
014896
014897
014898
014899
014900
014902
014903
014904
014905
014906
014907
014908
014909
014910
014911
014912
014913
014915
014917
014918
014919
014920
014921
014923
014924
014925
014927
014928
014929
014930
014931
014932
014933
014934
014935
014936
014937
014938
014939
014940
014941
014943
014945
014947
014949
014950
014951
014953
014954
014955
014956
014958
014959
014960
014961
014963
014964
014965
014966
014969
014970
014971
014972
014973
014974
014976
014980
014981
014982
014983
014984
014985
014987
014988
014990
014992
014993
014994
014997
014998
014999
015000
015001
015002
015003
015004
015005
015006
015007
015008
015009
015010
015011
015013
015014
015016
015017
015018
015019
015020
015021
015022
015025
015026
015027
015029
015030
015031
015032
015033
015034
015035
015036
015037
015038
015040
015041
015042
015043
015044
015046
015047
015049
015050
015052
015053
015055
015056
015057
015059
015060
015063
015064
015066
015067
015068
015069
015070
015071
015073
015074
015075
015076
015077
015078
015080
015081
015082
015083
015084
015087
015089
015090
015092
015093
015094
015095
015096
015097
015098
015099
015100
015101
015102
015104
015105
015107
015108
015109
015111
015112
015113
015114
015115
015116
015117
015118
015119
015120
015121
015122
015123
015124
015125
015126
015127
015128
015131
015132
015134
015136
015138
015139
015140
015141
015142
015143
015144
015145
015146
015147
015149
015153
015154
015155
015157
015159
015160
015161
015164
015165
015166
015168
015170
015171
015174
015177
015178
015180
015181
015186
015187
015188
015189
015191
015192
015193
015194
015195
015196
015198
015199
015202
015203
015204
015205
015206
015207
015209
015210
015211
015212
015214
015215
015216
015217
015219
015220
015221
015223
015224
015225
015226
015228
015230
015231
015232
015233
015234
015235
015236
015237
015238
015240
015242
015246
015249
015250
015251
015252
015253
015255
015256
015257
015258
015259
015261
015262
015263
015264
015265
015266
015267
015268
015269
015271
015272
015273
015275
015277
015278
015279
015281
015283
015285
015286
015289
015290
015292
015293
015294
015295
015296
015297
015298
015301
015303
015304
015305
015306
015307
015308
015309
015310
015311
015312
015313
015315
015317
015318
015319
015320
015322
015323
015324
015326
015327
015328
015329
015330
015331
015332
015333
015334
015335
015336
015337
015338
015339
015340
015341
015342
015345
015346
015349
015352
015353
015356
015357
015358
015359
015361
015362
015363
015364
015365
015366
015367
015368
015369
015370
015373
015375
015376
015377
015378
015380
015381
015382
015383
015385
015386
015387
015388
015390
015391
015392
015393
015395
015396
015397
015398
015399
015400
015401
015402
015403
015404
015405
015406
015407
015408
015409
015410
015412
015413
015414
015416
015417
015418
015419
015420
015421
015422
015424
015425
015427
015428
015429
015430
015431
015432
015434
015437
015440
015441
015443
015445
015446
015447
015449
015450
015451
015453
015454
015455
015456
015457
015460
015461
015462
015463
015464
015465
015466
015467
015468
015469
015471
015472
015473
015474
015475
015477
015478
015480
015481
015483
015484
015486
015487
015488
015489
015490
015491
015492
015493
015494
015495
015496
015497
015498
015499
015500
015502
015503
015504
015505
015506
015507
015508
015509
015510
015511
015514
015515
015516
015517
015518
015519
015520
015521
015522
015523
015524
015526
015527
015528
015530
015531
015533
015534
015535
015537
015539
015540
015541
015542
015543
015544
015545
015546
015547
015548
015549
015550
015551
015552
015553
015554
015555
015557
015558
015559
015560
015561
015562
015563
015564
015565
015567
015568
015569
015570
015572
015573
015574
015575
015577
015578
015579
015580
015581
015582
015583
015584
015587
015589
015590
015592
015593
015594
015596
015597
015598
015599
015600
015601
015603
015605
015606
015607
015608
015609
015610
015611
015612
015615
015616
015617
015618
015619
015620
